229,38
229,37
229,36
229,35
195,147
195,146
195,145
195,144
195,143
195,142
195,141
195,140
195,139
195,138
195,137
195,136
195,135
195,134
195,133
195,132
195,131
195,130
195,129
195,128
195,127
195,126
195,125
195,124
195,123
195,122
195,121
195,120
195,119
195,118
195,117
195,116
195,115
195,114
195,113
195,112
195,111
195,110
195,109
195,108
195,107
195,106
195,105
195,104
195,103
195,102
195,101
195,100
195,99
195,98
195,97
195,96
195,95
195,94
195,93
195,92
195,91
195,90
195,89
195,88
195,87
195,86
195,85
195,84
195,83
195,82
195,81
195,80
195,79
195,78
195,77
195,76
195,75
195,74
195,73
195,72
195,71
195,70
195,69
195,68
195,67
195,66
195,65
195,64
195,35
195,34
195,33
195,32
195,31
195,30
195,29
195,28
195,27
195,26
195,25
195,24
195,23
195,22
195,21
195,20
195,19
195,18
195,17
195,16
195,15
195,14
195,13
195,12
195,11
195,10
195,9
195,8
195,7
195,6
195,5
195,4
195,3
195,2
195,1
195,0
194,3
194,2
194,1
194,0
193,6
193,5
193,4
193,3
193,2
193,1
193,0
192,3
192,2
192,1
192,0
191,3
2,2
191,2
191,1
2,1
191,0
190,3
190,2
190,1
2,3
190,0
189,6
189,5
189,4
189,3
189,2
189,1
189,0
188,3
188,2
188,1
188,0
187,3
187,2
187,1
187,0
186,3
186,2
186,1
186,0
0,558
0,557
0,554
0,551
0,545
0,440
0,434
0,405
0,384
0,313
0,309
0,306
0,289
0,278
0,0
229,34
229,33
229,32
229,31
229,30
229,29
229,28
229,27
229,26
229,25
229,24
229,23
229,22
229,21
229,20
229,19
229,18
229,17
229,16
229,15
229,14
229,13
229,12
229,11
229,10
229,9
229,8
229,7
229,6
229,5
229,4
229,3
229,2
229,0
0,276
0,275
0,272
0,271
0,12
0,317
0,10
0,8
0,495
0,452
0,268
0,497
0,451
0,267
0,496
0,450
0,266
0,515
0,449
0,265
0,532
0,552
0,264
0,467
0,447
0,263
0,466
0,446
0,262
0,517
0,445
0,261
0,493
0,444
0,260
0,514
0,443
0,259
0,513
0,442
0,258
0,531
0,441
0,257
0,538
0,542
0,256
0,465
0,439
0,255
0,464
0,438
0,254
0,512
0,437
0,253
0,530
0,463
0,252
0,529
0,436
0,251
0,528
0,435
0,250
0,318
0,433
0,249
0,290
0,432
